100 400 2 10001 10001
100 401 2 10011 10011
100 500 3 10001 10002 10003
100 501 3 10011 10012 10013
100 504 1 10018
100 505 1 10019
100 599 1 10099
100 600 1 10098
90 404 4 10015 10016 10017 10017
90 405 4 10024 10025 10026 10026
110 406 1 10027
100 407 1 10028
90 408 4 10029 10030 10031 10031
90 409 4 10035 10036 10037 10037
110 410 4 10032 10033 10034 10034
110 411 4 10038 10039 10040 10040
90 412 4 10041 10042 10043 10043 
90 413 4 10044 10045 10046 10046
30 414 7 10047 10048 10049 10050 10051 10052 10052
30 415 7 10053 10054 10055 10056 10057 10058 10058
90 416 4 10100 10101 10102 10102
90 417 4 10103 10104 10105 10105
30 418 7 10106 10107 10108 10109 10110 10111 10111
30 419 7 10112 10113 10114 10115 10116 10117 10117
120 420 2 10059 10060
110 421 1 10059
120 422 2 10061 10062
110 423 1 10061
110 424 1 10063
110 425 1 10064
110 426 2 10065 10066
110 427 2 10067 10068
110 428 1 10067
110 429 1 10065
90 430 4 10069 10070 10071 10071
90 431 4 10072 10073  10074 10074
90 432 4 10075 10076 10077 10077
90 433 4 10078 10079 10080 10080
90 434 4 10081 10082 10083 10083
90 435 4 10084 10085 10086 10086
90 436 4 10087 10088 10089 10089
90 437 4 10090 10091 10092 10092
30 438 7 10093 10094 10095 10096 10097 10199 10199
30 439 7 10200 10201 10202 10203 10204 10205 10205
30 440 7 10206 10207 10208 10209 10210 10211 10211
30 441 7 10212 10213 10214 10215 10216 10217 10217
100	442	4	10218	10219	10220	10220
100	443	4	10221	10222	10223	10223
100	444	4	10224	10225	10226	10226
100	445	4	10227	10228	10229	10229
100	446	4	10230	10231	10232	10232
100 447	4	10233	10234	10235	10235
90	448	3	10236	10237	10238
90	449	3	10239	10240	10241
100	102	2	40001	40002
100	800	1	50001	
100	801	1	50002	
100	802	1	50003	
100	804	1	50004	
100	805	1	60001	
100	806	1	60002	
100	807	1	60003	
100	808	1	60004	
100	809	1	60005	
100	810	1	50005	
100	811	1	50006	
100	812	1	50007	
100	813	1	50008	
60	827	5	50028	50028	50029	50029	50029