100	102 2	40001	40002
100 103 2	40003	40004
100	104	2	30001	30002
100	105	1	30003
100	106	3	30004	30005	30006
100	107	4	30007	30008	30009	30010
100	108	1	40008
100	109	1	40009
100	110	1	30001
100	111	1	30007
100	112	1	30005
100	801	1	50002
100	803	1	50005
100	804	1	50004
100	834	1	50039
100	806	1	50007
100	833	1	50038
100	808	2	50009	50010
100	809	1	50011
100	810	4	40005	40006	40007	40007
100	817	1	40007
50	811	5	50012	50013	50014	50015	50015
100	812	1	50016
100	813	1	30011
400	814	2	30012	30013
400	815	1	30014
400	816	1	30015
100	818	1	50017
30	819	4	50018	50019	50020	50021
100	820	1	50018
100	821	1	30016
180	822	2	30017	30018
150	823	1	30019
110	824	1	50022
110	825	1	50023
50	826	5	50024	50025	50026	50027	50027
60	827	5	50028	50028	50029	50029	50029
60	828 5	50030	50030	50030	50030	50030
80	829	5	50031	50032	50033	50033	50033
70	830	2	50034	50035
100	831	1	50036
100 832	1	50037
100	835	1	30012
100 836	1	50003