2		10 		4		21 		170
2		3		4		83 		138
2		4		4		144		170
2		4		4		213		138
2		4		4		272		170
2		4		4		340		138
2		4		4		400		170
2		11 		4		467		138
2		4		4		528		170
2		4		4		594		138
2		4		4		654		75
2		5		4		810		48
2		4		4		792		170
2		4		4		828		76
2		4		4		990		105
2		10		4		980		168
2		4 		4		1108	168
2		11 		4		1170	168
2		4		4		1235	168
2		4		4		1430	72
2		6		4		1480	40
2		4		4		2140	75
2		4		4		2200	105
2		9		4		2260	69
2		4		4		2342	172
2		4		4		2455	172
2		7		4		2420	140
2		4		4		2515	140
2		4		4		2585	172
2		8		4		2710	140


1		-1		3		0 		196
1		-1		5		680 	134
1		-1		6		745 	103
1		-1		7		920 	134
1		-1		8		1385 	101
1		-1		9		1523 	120
1		-1		10		1518	65
1		-1		9 		1564	240	
1		-1		11		1786	167
1		-1		12		1804	167
1		-1		13		1788	118
1		12		14		1787	165
100		-1		15		597		185
-100	-1		16		683		91
100 	-1		15		692		120
-100	-1		16		747		60
-100	-1		15		945		120
100 	-1		16		905		60
100 	-1		15		1269	185
-100	-1 		16		1387	60
100 	-1 		16		1580	153
-100	-1 		15		1683	273
1 		-1		17 		1578	319
1 		-1		5 		1658	133
1 		-1		18 		1671	288
-100	-1		15		1777	182
100 	-1		16		1704	90
1 		-1		18		1835	319
1 		-1		19		1896	319
1 		-1		18		2054	350
1 		-1		18		1852	118
-100	-1		15		2030	303
100 	-1		16		1900	153
1   	-1		20		1915	193
1   	-1		21		1585	200
1 		-1		22		2032	65
1 		-1 		23		1003	134
1		13		24		1002 	134
-100	-1		15		2000	180
100		-1		16		1928	93
1		-1		5		1883	134
1		-1		25		1945	102
1		-1		26		2170	135
100		-1		15		2709	149
-100	-1		16		2762	91
1		-1		5		2761	133
1		-1		18		2713	165
-100	-1		15		2194.5	120
100		-1		16		2153	60
-100	-1		15		2417	185	
100		-1		16		2346	92
1		-1		9		2078	265