10001	734	9 	750 39	0
10002	709	8 	721 39	0
10003	680	9 	695 39	0
10004	734	9 	750 39	0
10011	81 	10 	97 	40	0
10012	110	9 	122 40	0	
10013	136	10 	151 40	0
10014	81 	10 	97 	40	0
10015	37 	93 	69 	124 0  
10016	85 	93 	117 123 0
10017	136	93 	180 122 0
10024	762	92 	794 123 0 
10025	714	92 	746 122 0
10026	651	91 	695 121 0
10018	164	17 	180 40	0 
10019	651	16 	667 39	0 
10027	164	10 	180 40	0 
10028	651	9 	667 39	0		
10029	21 	325 52 	361 0	
10030	65 	329 97 	359 0
10031	131	330 175 360 0
10035	778	324 810 362 0
10036	734	328 766 358 0
10037	656	329 700 359 0
10100	21 	361 53 	399 0
10101	65 	365 97 	395 0
10102	131	366 175 396 0
10103	778	360 810 398 0
10104	734	364 766 394 0
10105	656	365 700 395 0
10106	20 	400 52 	438 0
10107	20 	440 52 	478 0
10108	64 	404 96 	434 0
10109	64 	444 96 	474 0 
10110	115	404 174 434 0
10111	115	444 174 474 0
10112	779	399 811 437 0
10113	779	439 811 477 0
10114	735	403 767 433 0
10115	735	443 767 473 0
10116	657	403 717 433 0
10117	657	443 717 473 0
10032	61 	53 	85 	83	0		
10033	109	53 	125 83	0
10034	154	53 	175 83	0
10038	746	52 	770 82	0	
10039	706	52 	722 82	0
10040	656	52 	678 82	0
10041	34 	132 66 	163 0 
10042	78 	133 110 163 0
10043	136	133 180 162 0
10044	765	131 797 162 0
10045	721	132 753 162 0
10046	651	131 695 161 0
10047	28	175 60 	206 0 
10048	28	215 60 	246 0
10049	72	176 104 206 0
10050	72	216 104 246 0
10051	120	176 180 205 0
10052	120	216 180 245 0
10053	771	174 803 205 0
10054	771	214 803 245 0
10055	727	175 759 205 0
10056	727	215 759 245 0
10057	651	174 711 204 0
10058	651	214 711 244 0
10059	582	8	597 39	0	
10060	709	8	721 39	0
10061	208	9	224 40	0	
10062	110	9	122 40	0		
10065	234	9	249 40	0	
10066	110	9	122 40	0
10067	607	8	623 39	0	
10068	709	8	721 39	0
10063	267	11 	283 40	0 
10064	548	10 	564 39	0 
10069	227	374 259 405 0
10070	275	374 307 405 0
10071	326	373 370 404 0
10072	572	373 604 404 0
10073	524	373 556 404 0
10074	461	372 505 403 0
10075	572	92	604 123 0 
10076	524	92	556 123 0
10077	461	91	505 122 0
10078	227	93	259 124 0 
10079	275	93	307 124 0
10080	326	93	370 123 0
10081	224	413 256 444 0
10082	268	414 300 445 0
10083	326	414 370 444 0
10084	575 412 607 443 0
10085	531 413 563 444 0
10086	461 412 505 443 0
10087	575	131 607 162 0
10088	531	132 563 163 0
10089	461	132 505 162 0
10090	224	132 256 163 0
10091	268	133 300 164 0
10092	326	132 370 163 0
10093	218	456 250 487 0
10094	218	496 250 527 0
10095	262	457 294 488 0
10096	262	497 294 528 0
10097	310	457 370 487 0
10199	310	497 370 527 0
10200	581	455 613 486 0
10201	581	495 613 526 0
10202	537	456 569 487 0
10203	537	496 569 527 0
10204	461	455 521 486 0
10205	461	495 521 526 0
10206	581	174 613 205 0
10207	581	214 613 245 0
10208	537	175 569 206 0
10209	537	215 569 246 0
10210	461	174 521 205 0
10211	461	214 521 245 0
10212	218	175 250 206 0
10213	218	215 250 246 0
10214	262 176 294 207 0
10215	262 216 294 247 0
10216	310 176 370 206 0
10217	310 216 370 246 0
10099	288 25 	320 40 	0	
10098	511 24 	543 39 	0
10218 	234 53  258 84	0
10219	282 53 	298 84	0
10220	325 53 	348 84	0
10221	573 52 	597 83	0
10222	533 52 	549 83	0
10223	483 52 	505 83	0
10224	234 335 258 366	0
10225	282 335 298 366	0
10226	325 335 348 366	0
10227	573 334 597 365	0
10228	533 334 549 365	0
10229	483 334 505 365	0
10230	214 607 238 637	0
10231	258 611 274 641	0
10232	347 612 368 642	0
10233	594 606 618 636	0
10234	557 610 574 640	0
10235	464 611 486 641	0
10236	758 573 774 603	0
10237	736 573 752 603	0
10238	713 573 729 603	0
10239	57 	574 73 	604	0
10240	79 	574 95 	604	0
10241	102 574 118 604	0
30001	5	14	21	29	10 
30002	25	14	41	29	10 
30003	45	21	61	29	10
					
40001	48	24	64	56	2 
40002	75	24	91	56	2 
	
	
50001	124	59	136	69	3
50002	177	40	194	49	3
50004	178	58	194	67	3 	
50003	44	43	61	60	3
50005	102	105	118	121	3
50006	225	63	240	77	3
50007	40	105	55	121	3
50008	206	157	220	171	3
50028	248	335	266	355	3
50029	288	338	306	353	3

60001	0	0	306	42	6 
60002	3	50	27	64	6
60003	38	55	42	61	6 
60004	43	55	47	61	6 
60005	49	55	53	61	6