30001 	12	7 	28	39	10
30002 	37	7 	53	39	10
30003 	68	19 	92	34	10
30004 	98	18 	126	34	10
30005 	133	18 	163	34	10
30006 	168	19 	200	32	10
30007 	143	48 	159	58	10
30008 	169	44 	185	60	10
30009 	143	48 	159	58	10
30010 	116	46 	132	60	10
30011 	64 	51	80	83	10 
30012 	64 	51	80	83	10
30013 	36 	51	50	83	10
30014 	9 	53	25	83	10 
30015 	100 224	107	230	10 
30016 	94 	46 	106	60	10 
30017 	275 42 	303	62	10 
30018 	314 42 	356	61	10
30019 	168 19 	200	32	10 

40001	48	24	64	56 2 
40002	75	24	91	56 2
40003	17	33	25	47 2 
40004	31	33	39	47 2
40005	24	121	32	171 2 
40006	36	121	52	171 2
40007	55	121	78	171 2
40008	98	121	114	152 2 
40009	125	121	141	136 2
		
50002	177	40	194	49	3  
50003	44	43	61	60	3
50004	178	58	194	67	3	 
50005	40	105	55	121	3
50039	126	39	134	47	3
50007	102	105	118	121	3 
50038	134	113	142	121	3 
50009	130	131	142	143	3 
50010	131	155	147	168	3 
50011	181	104	197	121	3 
50012	42	210	69	235	3 
50013	89	225	127	241	3
50014	145	240	204	255	3
50015	121	277	223	301	3
50016	35	157	51	170	3 
50017	378	92	392	107	3
50018	225	39	240	53	3 
50019	225	63	240	77	3
50020	225	89	240	103	3
50021	225	113	240	127	3
50022	206	157	220	171	3
50023	290	102	303	118	3
50024	28	322	45	343	3 
50025	74	323	95	345	3
50026	120	320	147	352	3
50027	171	317	207	361	3
50028	248	335	266	355	3
50029	288	338	306	353	3
50030	248	339	255	347	3
50031	336	328	358	356	3
50032	363	327	387	358	3
50033	393	328	412	357	3
50034	179	157	191	171	3
50035	179	183	191	197	3
50036	378	68	392	83	3
50037	378	43	392	58	3